76635 37694
2499 69288
951014 951399
18988 45868
95681 84591
5667 31092
12947 97973
353119 351066
11737 106959
44044 75112
41769 27566
31148 34226
35811 93783
36337 98077
95007 32330
64614 93500
291899 296632
132410 113442
85728 28951
71008 67092
300543 294343
115108 119336
60688 39945
76275 74592
76869 55049
168117 165001
32602 58706
124593 132811
874 104495
844766 845780
881950 875097
11753 54740
43893 102118
18642 81974
69367 57029
12201 86333
16710 8203
57992 106399
76581 60246
192226 192837
339517 332240
53604 94743
356615 349587
24047 92213
4529 109564
598660 590874
694877 689989
67557 42437
25857 99875
18103 21769
561457 561580
547177 545568
11738 102291
435484 435139
446878 440475
82210 104488
114086 122637
104273 28514
36426 55570
6837 91557
42692 99495
438600 445993
44054 63028
620639 618344
677544 671573
9931 112398
33475 58265
54894 90881
21676 47838
63059 15758
794159 796289
794089 795858
143867 148933
458023 458440
62802 86985
93941 48778
376245 372480
349503 341275
2471 24423
10968 29602
43119 60036
461529 462978
738141 741007
34345 24725
25565 65399
58357 101385
14900 17293
264217 260338
19527 88281
6131 71486
15543 79322
209 105276
109486 5176
355654 343621
784408 784099
322812 321483
103064 35986
275771 272178
26826 12241
260072 261944
260488 262847
65456 9594
21944 57873
